        0.00      0.0000
        3.14      9.1620
        6.28     18.3240
        9.42     27.4860
       12.57     36.6480
       15.71     45.8100
       18.85     54.9720
       21.99     64.1340
       25.13     73.2960
       28.27     82.4580
       31.42     91.6200
       34.56    100.7820
       37.70    109.9440
       40.84    119.1059
       43.98    128.2679
       47.12    137.4299
       50.27    146.5919
       53.41    155.7539
       56.55    164.9159
       59.69    174.0779
       62.83    183.2399
       65.97    192.4019
       69.11    201.5639
       72.26    210.7259
       75.40    219.8879
